# Anomalous hall conductivity in unit of S/cm,Brodening eta= 1.00 meV
#column    1               2               3               4
# Eenergy (eV)       \sigma_xy       \sigma_yz       \sigma_zx
 -0.10000000E+01 -0.75574892E+01 -0.18804059E+02  0.25312709E+02
 -0.99666667E+00 -0.29029773E+02 -0.26984588E+02 -0.89918065E+01
 -0.99333333E+00 -0.12667989E+02 -0.33188341E+02  0.20205619E+02
 -0.99000000E+00 -0.13948104E+02 -0.85603090E+01  0.17106504E+02
 -0.98666667E+00 -0.96119319E+01 -0.53647515E+01 -0.49604534E+01
 -0.98333333E+00 -0.52456774E+01 -0.66427570E+01  0.31438008E-01
 -0.98000000E+00  0.11573948E+02 -0.42330457E+02 -0.15386013E+02
 -0.97666667E+00  0.24429028E+01 -0.16144813E+02 -0.19990779E+02
 -0.97333333E+00 -0.26286135E+01 -0.51015608E+01  0.16058963E+01
 -0.97000000E+00 -0.83642892E+00  0.22609541E+02  0.78301599E+01
 -0.96666667E+00  0.59056175E+01 -0.80135228E+01  0.28673235E+02
 -0.96333333E+00  0.59508807E+01 -0.24165430E+02  0.51758420E+01
 -0.96000000E+00  0.14426825E+01  0.50470854E+01  0.13849026E+02
 -0.95666667E+00 -0.89308903E+00  0.20449020E+02 -0.19886493E+01
 -0.95333333E+00  0.49033855E+01 -0.57545401E+01  0.28711527E+02
 -0.95000000E+00  0.47568985E+01  0.33609088E+01  0.40519687E+02
 -0.94666667E+00 -0.13074120E+01 -0.24225704E+02  0.91989525E+01
 -0.94333333E+00 -0.11086222E+02  0.29152120E+02 -0.20689230E+02
 -0.94000000E+00  0.41767849E+01  0.31977970E+01  0.27319827E+02
 -0.93666667E+00  0.10150257E+02 -0.21777494E+02  0.14486088E+02
 -0.93333333E+00  0.11656377E+02 -0.99827643E+01  0.23056364E+02
 -0.93000000E+00 -0.16012316E+01 -0.13493444E+02  0.15719915E+01
 -0.92666667E+00  0.93507277E+01 -0.95841447E+01 -0.25717870E+01
 -0.92333333E+00  0.20587624E+02 -0.31304501E+02 -0.50595238E+02
 -0.92000000E+00  0.15674613E+02 -0.26320452E+02 -0.25506755E+02
 -0.91666667E+00  0.34994329E+02  0.12849228E+02  0.56702025E+01
 -0.91333333E+00  0.39302959E+02  0.29482852E+02  0.17099608E+02
 -0.91000000E+00  0.24455630E+02 -0.11039651E+01  0.20932226E+02
 -0.90666667E+00  0.94843474E+01  0.34004804E+02  0.43148639E+02
 -0.90333333E+00  0.69172344E+01 -0.71524793E+01  0.27815444E+02
 -0.90000000E+00  0.10445698E+02 -0.29513952E+02 -0.31934539E+02
 -0.89666667E+00  0.86158909E+01 -0.11467347E+02 -0.71325795E+02
 -0.89333333E+00  0.99896348E+01  0.71448450E+02 -0.61774774E+02
 -0.89000000E+00  0.78292894E+01  0.19301485E+02 -0.51044792E+02
 -0.88666667E+00  0.94031205E+01 -0.17908435E+02 -0.55045577E+02
 -0.88333333E+00  0.13082142E+02 -0.85323136E+01 -0.28802247E+02
 -0.88000000E+00  0.11632623E+02 -0.43715038E+01  0.26747860E+01
 -0.87666667E+00  0.23791715E+01  0.33110011E+02  0.59985565E+02
 -0.87333333E+00  0.71534943E+00  0.31914550E+02  0.64142023E+02
 -0.87000000E+00  0.64217492E+01 -0.14022385E+02 -0.94619664E+01
 -0.86666667E+00  0.63916361E+01  0.31111802E+02  0.16549911E+01
 -0.86333333E+00  0.96116327E+01  0.68628330E+02  0.22235267E+02
 -0.86000000E+00  0.91061529E+01  0.12235169E+03 -0.31639309E+02
 -0.85666667E+00  0.20308043E+01  0.12586851E+02 -0.24260340E+02
 -0.85333333E+00  0.66969186E+00 -0.58198273E+01 -0.18230723E+02
 -0.85000000E+00  0.28921670E+01 -0.41371883E+02 -0.42625427E+02
 -0.84666667E+00 -0.48159081E+01 -0.32299627E+02 -0.88530764E+01
 -0.84333333E+00 -0.58330302E+01 -0.39308602E+02 -0.12160370E+02
 -0.84000000E+00 -0.47858193E+01 -0.63040608E+02 -0.38907597E+02
 -0.83666667E+00 -0.23050537E+01 -0.11639056E+02  0.12054918E+02
 -0.83333333E+00  0.14893785E+01  0.31210266E+01  0.96048360E+01
 -0.83000000E+00  0.34886603E+01  0.10690463E+03  0.10340282E+03
 -0.82666667E+00  0.60763186E+01  0.98697025E+01  0.19710513E+02
 -0.82333333E+00  0.43680658E+01 -0.19871609E+02 -0.10751233E+01
 -0.82000000E+00  0.28219849E+01 -0.14143014E+01  0.12288690E+02
 -0.81666667E+00 -0.14034762E+01 -0.24154463E+01  0.28995343E+02
 -0.81333333E+00  0.15295316E-01  0.29346123E+02  0.72474429E+02
 -0.81000000E+00  0.96048526E+01  0.89229368E+02 -0.12507947E+02
 -0.80666667E+00  0.44762672E+01  0.17735540E+03 -0.97716563E+02
 -0.80333333E+00  0.18912997E+01  0.27923114E+03 -0.14734264E+03
 -0.80000000E+00 -0.70110126E+01  0.44495821E+03 -0.23731345E+03
 -0.79666667E+00  0.13889018E+01  0.27299985E+03 -0.13617061E+03
 -0.79333333E+00  0.34351895E+01  0.20142172E+03 -0.96477199E+02
 -0.79000000E+00  0.50715005E+01  0.15524448E+03 -0.77565647E+02
 -0.78666667E+00  0.52274722E+01  0.18649350E+03 -0.46941810E+02
 -0.78333333E+00 -0.45199786E+01  0.12301198E+02  0.19585661E+02
 -0.78000000E+00 -0.17671762E+02  0.76836288E+01  0.40465093E+02
 -0.77666667E+00 -0.16033232E+02  0.73550456E+01  0.50731278E+02
 -0.77333333E+00 -0.55145179E+00 -0.14997677E+01  0.38108868E+02
 -0.77000000E+00  0.62107782E+01 -0.39849205E+01  0.19918141E+02
 -0.76666667E+00  0.72974450E+01 -0.13674230E+02  0.18931785E+02
 -0.76333333E+00  0.10992480E+02 -0.22802964E+02  0.33936621E+02
 -0.76000000E+00  0.93688365E+01 -0.29680577E+02  0.16028096E+02
 -0.75666667E+00  0.95993413E+00 -0.21983037E+02 -0.79185082E+01
 -0.75333333E+00  0.32525408E+01 -0.16687544E+02 -0.11362192E+02
 -0.75000000E+00  0.34605740E+01 -0.29099810E+02 -0.19799746E+02
 -0.74666667E+00  0.40822692E+01 -0.95770825E+01 -0.28391588E+02
 -0.74333333E+00  0.37448108E+01  0.19280983E+02  0.27620748E+02
 -0.74000000E+00  0.23898446E+02 -0.25787072E+02  0.30111983E+02
 -0.73666667E+00  0.16454269E+02 -0.10658834E+02  0.22243489E+02
 -0.73333333E+00  0.15020400E+02 -0.71249315E+00  0.19229887E+02
 -0.73000000E+00  0.17319096E+02 -0.35813894E+02 -0.36070898E+02
 -0.72666667E+00  0.83221138E+01 -0.17582822E+02 -0.45876677E+02
 -0.72333333E+00  0.11647701E+02 -0.10726160E+01  0.10960395E+02
 -0.72000000E+00  0.15146643E+02 -0.69210264E+01 -0.17106541E+02
 -0.71666667E+00  0.13245601E+02 -0.24498329E+01 -0.12752784E+01
 -0.71333333E+00  0.20029234E+02  0.39456174E+02  0.41543658E+02
 -0.71000000E+00  0.13802049E+02 -0.27085823E+02  0.92748520E+01
 -0.70666667E+00  0.57231015E+01 -0.17676057E+02 -0.87764610E+01
 -0.70333333E+00  0.15651497E+02  0.20099528E+02 -0.97663655E+01
 -0.70000000E+00  0.15063983E+02  0.16832453E+01 -0.23177451E+02
 -0.69666667E+00  0.15938365E+02  0.21438960E+01 -0.27176000E+02
 -0.69333333E+00  0.26334437E+02  0.37138746E+02 -0.69895826E+02
 -0.69000000E+00  0.25500801E+02  0.43918583E+01 -0.62743325E+02
 -0.68666667E+00  0.30756437E+02 -0.13388634E+02 -0.51310824E+02
 -0.68333333E+00  0.22419445E+02  0.98078264E+01 -0.10865470E+02
 -0.68000000E+00  0.16337364E+02 -0.10086175E+02 -0.14111438E+01
 -0.67666667E+00  0.15936832E+02 -0.10259562E+02 -0.12553689E+02
 -0.67333333E+00  0.17901108E+02 -0.31633742E+02 -0.24865141E+02
 -0.67000000E+00  0.14724389E+02 -0.28967399E+02 -0.27828078E+02
 -0.66666667E+00  0.19052466E+02 -0.19209958E+02  0.35762536E+01
 -0.66333333E+00  0.27119978E+02 -0.83020374E+01  0.10237708E+02
 -0.66000000E+00  0.26078288E+02  0.11261024E+03 -0.77210232E+02
 -0.65666667E+00  0.20189948E+02  0.72739636E+03 -0.42180940E+03
 -0.65333333E+00  0.10784686E+02  0.42182498E+02 -0.78728296E+02
 -0.65000000E+00  0.10432532E+02 -0.13818632E+02 -0.31396624E+02
 -0.64666667E+00  0.15232448E+02 -0.55157707E+02 -0.22059189E+02
 -0.64333333E+00  0.21538574E+02 -0.60278072E+02 -0.65320306E+02
 -0.64000000E+00  0.19926353E+02 -0.41708771E+02  0.10789093E+02
 -0.63666667E+00  0.19161754E+02  0.16427890E+02  0.33825261E+01
 -0.63333333E+00  0.11370939E+02  0.22030107E+02  0.19672802E+02
 -0.63000000E+00  0.18600814E+02 -0.18680177E+02 -0.31796352E+02
 -0.62666667E+00  0.52507157E+02 -0.22781293E+03 -0.57231039E+02
 -0.62333333E+00  0.74877613E+02 -0.22598771E+01 -0.16009877E+03
 -0.62000000E+00  0.21415220E+02  0.20691632E+02 -0.92482037E+02
 -0.61666667E+00  0.10451422E+02  0.13711452E+02  0.97433092E+01
 -0.61333333E+00  0.60390027E+02  0.25037167E+02 -0.44247231E+02
 -0.61000000E+00  0.87716858E+02  0.31258102E+02 -0.40321172E+02
 -0.60666667E+00  0.76892076E+01 -0.31731403E+03  0.18342349E+03
 -0.60333333E+00  0.87153993E-01 -0.95902806E+02  0.43268020E+02
 -0.60000000E+00  0.11324005E+02  0.65678282E+02  0.33260768E+02
 -0.59666667E+00  0.15880325E+02  0.31053074E+02  0.64440850E+00
 -0.59333333E+00  0.16920472E+02  0.51133914E+02  0.21880280E+02
 -0.59000000E+00  0.16580944E+02  0.15771771E+02 -0.14873365E+02
 -0.58666667E+00  0.19176093E+02  0.25862233E+02 -0.61218474E+01
 -0.58333333E+00  0.12407930E+02  0.33504409E+02 -0.13383986E+02
 -0.58000000E+00  0.79789185E+01  0.32485050E+02  0.33849079E+02
 -0.57666667E+00  0.53700344E+01  0.21508184E+02  0.45463092E+02
 -0.57333333E+00  0.69363660E+01  0.34175656E+02  0.20023399E+02
 -0.57000000E+00  0.88858564E+01  0.19922548E+02 -0.27459305E+02
 -0.56666667E+00  0.13187449E+02  0.12749409E+02 -0.28190213E+02
 -0.56333333E+00  0.19072469E+02  0.20043202E+02 -0.52915893E+02
 -0.56000000E+00  0.14536877E+02  0.10252872E+02 -0.95147324E+01
 -0.55666667E+00  0.98672313E+01 -0.25612560E+02 -0.22580161E+02
 -0.55333333E+00  0.81645791E+01 -0.83379233E+01  0.74358325E+01
 -0.55000000E+00 -0.11899897E+01 -0.61061305E+01  0.47314559E+01
 -0.54666667E+00 -0.31253935E+01 -0.38369084E+01  0.46495175E+00
 -0.54333333E+00  0.53509305E+01 -0.12148126E+02  0.39580210E+02
 -0.54000000E+00 -0.26940522E+02 -0.70016669E+02  0.59880777E+02
 -0.53666667E+00 -0.89278873E+02 -0.93695519E+02  0.14588554E+02
 -0.53333333E+00  0.13179629E+01  0.28659715E+02 -0.34325246E+02
 -0.53000000E+00  0.33365284E+02  0.16940466E+02 -0.18751837E+02
 -0.52666667E+00  0.43024662E+02 -0.30662301E+02  0.20727862E+02
 -0.52333333E+00  0.23796100E+01  0.12767364E+02 -0.64135669E+01
 -0.52000000E+00  0.10543738E+01  0.89849558E+01  0.11286003E+02
 -0.51666667E+00 -0.23458630E+00  0.14358748E+01  0.15610468E+02
 -0.51333333E+00 -0.68985014E+01  0.15290972E+02  0.10579072E+02
 -0.51000000E+00 -0.44683150E+01  0.13434359E+02  0.36050251E+02
 -0.50666667E+00 -0.77582288E+01 -0.34965346E+01 -0.98985801E+01
 -0.50333333E+00 -0.13332535E+02  0.39325702E+01 -0.18575211E+02
 -0.50000000E+00 -0.34445331E+01  0.96502038E+01 -0.10635198E+02
 -0.49666667E+00 -0.51164441E+01 -0.16500275E+02 -0.14323136E+02
 -0.49333333E+00 -0.27464312E+01 -0.41967080E+01  0.12883095E+02
 -0.49000000E+00 -0.25924917E+01  0.89336735E+01  0.27431336E+02
 -0.48666667E+00 -0.51572756E+00 -0.11715953E+02  0.35107637E+02
 -0.48333333E+00 -0.88803269E+00 -0.17857707E+02  0.79688531E+01
 -0.48000000E+00 -0.33933320E+01 -0.25629341E+02 -0.98451856E+01
 -0.47666667E+00 -0.83543415E+01 -0.63714836E+01  0.10332267E+02
 -0.47333333E+00 -0.22058142E+02  0.14552745E+02  0.13424145E+02
 -0.47000000E+00 -0.16964180E+02  0.32294026E+02  0.19375039E+02
 -0.46666667E+00 -0.11303017E+02 -0.13588502E+01  0.19549815E+02
 -0.46333333E+00 -0.10021531E+02  0.15200824E+02 -0.68873215E+01
 -0.46000000E+00 -0.69159455E+01  0.24710899E+01 -0.12546440E+02
 -0.45666667E+00 -0.63587397E+01 -0.21466284E+02  0.21709387E+02
 -0.45333333E+00 -0.50645068E+01  0.38615366E+01  0.57713173E+01
 -0.45000000E+00  0.24655866E+01  0.27950623E+01  0.93564511E+01
 -0.44666667E+00 -0.22799405E+01 -0.25417512E+01 -0.23032390E+02
 -0.44333333E+00 -0.51599322E+01 -0.83809371E+01 -0.76816226E+01
 -0.44000000E+00 -0.48740010E+01 -0.14710142E+02  0.25292276E+01
 -0.43666667E+00 -0.70936479E+01 -0.47677106E+01  0.32305981E+02
 -0.43333333E+00 -0.96371338E+01  0.10937391E+02  0.10164066E+02
 -0.43000000E+00 -0.11885619E+02  0.48390721E+02 -0.36246684E+01
 -0.42666667E+00 -0.66985419E+01  0.26077046E+02  0.36390631E+02
 -0.42333333E+00 -0.39033828E+01  0.23637346E+02  0.33010677E+02
 -0.42000000E+00 -0.90348862E+01  0.31078429E+01  0.18784160E+02
 -0.41666667E+00 -0.12068074E+02 -0.14564981E+02 -0.48877338E+01
 -0.41333333E+00 -0.15673953E+02 -0.32155614E+02 -0.13585368E+02
 -0.41000000E+00  0.15981694E+02 -0.65976779E+02 -0.30695216E+02
 -0.40666667E+00  0.76254969E+01 -0.16113616E+02 -0.27763496E+01
 -0.40333333E+00 -0.97389498E+01  0.12932229E+02  0.23575474E+02
 -0.40000000E+00 -0.97370691E+01  0.60416004E+02  0.21041205E+02
 -0.39666667E+00 -0.16560537E+02  0.42931830E+02  0.23209876E+02
 -0.39333333E+00 -0.18459231E+02  0.25259226E+02  0.15990464E+02
 -0.39000000E+00 -0.14376174E+02 -0.76223830E+01  0.18002763E+02
 -0.38666667E+00 -0.15873509E+02 -0.37830563E+02 -0.46493685E+02
 -0.38333333E+00 -0.68670285E+01 -0.11691025E+02  0.10435738E+02
 -0.38000000E+00 -0.62661634E+01  0.61066161E+01  0.13755859E+02
 -0.37666667E+00  0.25765462E+01 -0.57864093E+01  0.23562923E+02
 -0.37333333E+00 -0.51693106E+01  0.60721144E+02  0.41024262E+01
 -0.37000000E+00 -0.15474809E+02  0.48802888E+02  0.89520368E+01
 -0.36666667E+00 -0.22418575E+02 -0.19938031E+02 -0.26432079E+02
 -0.36333333E+00 -0.27321220E+02  0.33109308E+02 -0.37631549E+02
 -0.36000000E+00 -0.19412347E+02  0.44395929E+02  0.26491717E+02
 -0.35666667E+00 -0.25511494E+02 -0.14777768E+02 -0.17546186E+02
 -0.35333333E+00 -0.20006545E+02 -0.12858220E+02  0.92926821E+01
 -0.35000000E+00 -0.23533295E+02 -0.75744284E+02  0.35498131E+02
 -0.34666667E+00 -0.27164984E+02 -0.33238013E+02  0.73471961E+01
 -0.34333333E+00 -0.27162419E+01 -0.17075437E+01 -0.64807403E+02
 -0.34000000E+00 -0.68701949E+01  0.57047058E+02 -0.29257679E+01
 -0.33666667E+00 -0.94309344E+01  0.65241899E+02 -0.18000873E+02
 -0.33333333E+00 -0.12683391E+02  0.62326467E+02  0.22829178E+02
 -0.33000000E+00 -0.19826522E+02  0.12585464E+01  0.20739191E+02
 -0.32666667E+00 -0.32651718E+01 -0.44024543E+01  0.14520369E+02
 -0.32333333E+00 -0.26076338E+01 -0.31226431E+02 -0.58625186E+01
 -0.32000000E+00  0.10384088E+03 -0.40008327E+02  0.16922340E+02
 -0.31666667E+00  0.86219381E+01 -0.39654558E+02 -0.13707183E+02
 -0.31333333E+00 -0.14106717E+02  0.15998889E+02 -0.15157755E+01
 -0.31000000E+00 -0.83167773E+01  0.15185879E+02  0.11696210E+02
 -0.30666667E+00 -0.16890884E+01  0.37064299E+02 -0.48596519E+02
 -0.30333333E+00 -0.16085381E+02  0.54282274E+01 -0.18120358E+02
 -0.30000000E+00 -0.23485657E+02 -0.25000686E+02  0.27589727E+02
 -0.29666667E+00 -0.13880093E+02 -0.14752826E+02  0.57260855E+02
 -0.29333333E+00 -0.27555202E+02  0.37485383E+02  0.10913599E+03
 -0.29000000E+00  0.14569875E+02  0.64760901E+01 -0.32533516E+02
 -0.28666667E+00 -0.30694561E+01 -0.29725216E+02 -0.26309488E+02
 -0.28333333E+00 -0.21658495E+02 -0.39799941E+02 -0.56163223E+01
 -0.28000000E+00 -0.77423473E+01  0.97503905E+01 -0.27798777E+02
 -0.27666667E+00 -0.47406354E+01 -0.32602912E+02 -0.36684704E+02
 -0.27333333E+00 -0.65390151E+01 -0.25065607E+02 -0.68551410E+02
 -0.27000000E+00 -0.12619320E+02 -0.13063125E+02 -0.24163788E+02
 -0.26666667E+00 -0.29482921E+02 -0.50079938E+02 -0.41008945E+02
 -0.26333333E+00 -0.34271054E+02  0.28728861E+01 -0.26760471E+02
 -0.26000000E+00 -0.30699499E+02  0.15351780E+02 -0.25015181E+02
 -0.25666667E+00 -0.28063676E+02  0.24010682E+01 -0.14702390E+02
 -0.25333333E+00 -0.39443492E+01  0.93486333E+01  0.15185439E+01
 -0.25000000E+00  0.14235271E+02 -0.13976616E+02 -0.46112288E+02
 -0.24666667E+00  0.26610477E+02 -0.11246638E+03 -0.72792432E+02
 -0.24333333E+00 -0.25524145E+02 -0.33211587E+02 -0.30289985E+02
 -0.24000000E+00 -0.31569096E+02 -0.15796516E+02 -0.38408579E+02
 -0.23666667E+00 -0.22518144E+02  0.37603515E+02 -0.44690045E+02
 -0.23333333E+00 -0.23550323E+02  0.17114880E+02 -0.20761038E+02
 -0.23000000E+00 -0.16074269E+02 -0.50513879E+01 -0.15932608E+02
 -0.22666667E+00 -0.52812186E+01 -0.46599388E+02 -0.13477421E+02
 -0.22333333E+00 -0.23011868E+02  0.34368989E+01 -0.59155246E+02
 -0.22000000E+00 -0.38613052E+02 -0.10046669E+02 -0.60269499E-01
 -0.21666667E+00 -0.33743004E+02  0.24847922E+02 -0.15058948E+02
 -0.21333333E+00 -0.27005485E+02  0.36851388E+02 -0.31752687E+02
 -0.21000000E+00 -0.17210472E+02  0.15672807E+02  0.14303136E+02
 -0.20666667E+00 -0.19321862E+02  0.25441709E+01 -0.38603072E+02
 -0.20333333E+00 -0.17255901E+02 -0.29835855E+01 -0.76447225E+02
 -0.20000000E+00 -0.17293692E+02 -0.13787084E+02 -0.92650360E+02
 -0.19666667E+00 -0.17086787E+02  0.11575412E+02 -0.79258672E+02
 -0.19333333E+00 -0.11284516E+02  0.38427393E+02 -0.21654540E+03
 -0.19000000E+00 -0.18541587E+02  0.66015969E+02 -0.90138558E+02
 -0.18666667E+00 -0.21853454E+02  0.15876732E+02  0.13648447E+02
 -0.18333333E+00 -0.19165158E+02 -0.24579019E+02  0.62735888E+02
 -0.18000000E+00 -0.19207207E+02  0.67036441E+02  0.45770404E+02
 -0.17666667E+00  0.17759539E+02  0.38208766E+02  0.26031568E+01
 -0.17333333E+00  0.14478309E+02  0.82236086E+02 -0.65695865E+02
 -0.17000000E+00 -0.21541883E+02  0.37753519E+01 -0.12095217E+02
 -0.16666667E+00 -0.61981401E+02 -0.15381460E+03  0.59060976E+02
 -0.16333333E+00  0.14964721E+01 -0.39215859E+02 -0.56456111E+02
 -0.16000000E+00  0.10263983E+02 -0.10922350E+03 -0.13535614E+02
 -0.15666667E+00 -0.69682381E+01 -0.89647442E+02 -0.15161328E+02
 -0.15333333E+00 -0.48454376E+01 -0.86786666E+02 -0.16100528E+02
 -0.15000000E+00 -0.14605209E+01 -0.12470350E+03 -0.33964535E+02
 -0.14666667E+00 -0.68947924E+01 -0.13322339E+03 -0.65105537E+02
 -0.14333333E+00 -0.85450353E+01 -0.16723988E+03 -0.47016790E+02
 -0.14000000E+00 -0.12603243E+02 -0.87390551E+02  0.42712888E+02
 -0.13666667E+00 -0.12853559E+02 -0.13531843E+02  0.31249273E+02
 -0.13333333E+00 -0.10815038E+02 -0.45950568E+02  0.13731117E+02
 -0.13000000E+00 -0.14920673E+02 -0.69233890E+02 -0.26573528E+02
 -0.12666667E+00 -0.21807076E+02 -0.81734313E+02  0.90421335E+01
 -0.12333333E+00 -0.10813680E+02 -0.29364728E+02  0.77470757E+01
 -0.12000000E+00  0.11866775E+02 -0.44413246E+02 -0.23983858E+02
 -0.11666667E+00  0.66693707E+00 -0.28318414E+02 -0.96234854E+02
 -0.11333333E+00  0.58022798E+01  0.48011126E+01 -0.22296209E+03
 -0.11000000E+00  0.88986557E+01 -0.63989005E+02 -0.11224759E+03
 -0.10666667E+00 -0.14881952E+02 -0.15675737E+02 -0.12744841E+03
 -0.10333333E+00 -0.21076199E+02 -0.28973161E+02 -0.60167911E+02
 -0.10000000E+00 -0.37831926E+02 -0.29345364E+02 -0.51923132E+02
 -0.96666667E-01 -0.58034032E+02  0.16361054E+02 -0.18835994E+02
 -0.93333333E-01 -0.49534342E+02 -0.68663817E+02  0.15933343E+02
 -0.90000000E-01 -0.19612397E+02 -0.36823757E+02  0.36279601E+02
 -0.86666667E-01 -0.13041870E+02 -0.13006194E+02  0.65395614E+02
 -0.83333333E-01 -0.24120987E+02 -0.87847251E+01  0.26479459E+02
 -0.80000000E-01 -0.25198507E+02  0.27189816E+02  0.37917975E+02
 -0.76666667E-01 -0.84435745E+02  0.21733844E+02 -0.81637245E+01
 -0.73333333E-01 -0.60701315E+02 -0.80549359E+01 -0.30024977E+01
 -0.70000000E-01 -0.27511060E+02 -0.53989544E+02  0.24175185E+02
 -0.66666667E-01 -0.10113660E+02 -0.55845478E+02 -0.44062512E+02
 -0.63333333E-01 -0.47969480E+01 -0.59951978E+02  0.18334755E+02
 -0.60000000E-01 -0.12887007E+02 -0.58081558E+01  0.17276560E+02
 -0.56666667E-01  0.64614864E+02 -0.38891766E+02 -0.65138954E+01
 -0.53333333E-01  0.62575859E+02 -0.78360645E+02  0.67157523E+02
 -0.50000000E-01 -0.11708089E+02 -0.15963580E+02  0.53697504E+02
 -0.46666667E-01 -0.83478528E+01 -0.69439727E+00  0.16574648E+02
 -0.43333333E-01  0.36851274E+01 -0.54291852E+02 -0.20961469E+02
 -0.40000000E-01 -0.96715380E+01 -0.14591247E+03 -0.49664475E+02
 -0.36666667E-01 -0.65056671E+01 -0.57776334E+02 -0.11004094E+03
 -0.33333333E-01 -0.10657033E+02 -0.28106244E+02 -0.45984846E+02
 -0.30000000E-01 -0.23781611E+02 -0.36310492E+02 -0.38569029E+02
 -0.26666667E-01 -0.42641554E+02 -0.96461299E+02 -0.43421688E+02
 -0.23333333E-01 -0.76966299E+02  0.80697270E+01 -0.67746389E+02
 -0.20000000E-01 -0.39832307E+02 -0.17254799E+02 -0.18247978E+02
 -0.16666667E-01 -0.10630129E+02 -0.41467435E+02 -0.12750888E+01
 -0.13333333E-01 -0.87694861E+01 -0.56975439E+02  0.36372734E+02
 -0.10000000E-01 -0.19649304E+02 -0.45475079E+02  0.99151004E+01
 -0.66666667E-02 -0.20391292E+02 -0.12852071E+02 -0.47519252E+01
 -0.33333333E-02 -0.12694596E+02  0.88748573E+01 -0.56682330E+02
  0.00000000E+00 -0.15234093E+02 -0.23507978E+02 -0.14176558E+02
  0.33333333E-02 -0.98280150E+01 -0.15590737E+02 -0.18390322E+02
  0.66666667E-02 -0.14937462E+02 -0.43835156E+01 -0.50525282E+01
  0.10000000E-01 -0.72884699E+01 -0.70469941E+01  0.21991714E+02
  0.13333333E-01  0.19493825E+02 -0.59637361E+01 -0.65149268E+01
  0.16666667E-01  0.18595120E+02  0.38084865E+01 -0.19641061E+01
  0.20000000E-01  0.10819680E+02 -0.20291936E+01  0.53466375E+02
  0.23333333E-01  0.28918963E+02 -0.79240755E+02 -0.40025407E+02
  0.26666667E-01  0.18847115E+02 -0.65361937E+02 -0.49942408E+02
  0.30000000E-01 -0.42291047E+01  0.30244892E+02 -0.32425726E+02
  0.33333333E-01 -0.12914446E+02  0.77386066E+01 -0.24295538E+02
  0.36666667E-01 -0.39166180E+02  0.11326843E+02  0.79125204E+02
  0.40000000E-01 -0.29321620E+02 -0.10997942E+02  0.35012095E+02
  0.43333333E-01  0.68724726E+00  0.38244906E+02  0.35797066E+02
  0.46666667E-01  0.23955634E+01  0.43503971E+02  0.19334258E+02
  0.50000000E-01  0.93613526E+01  0.89567618E+02  0.62298520E+02
  0.53333333E-01  0.15507892E+02  0.22969761E+03  0.29583432E+02
  0.56666667E-01  0.82184989E+01  0.73303486E+02 -0.22601168E+02
  0.60000000E-01  0.59508287E+01  0.14724450E+02  0.42142447E+02
  0.63333333E-01  0.12724950E+02  0.11961183E+02  0.60144068E+02
  0.66666667E-01  0.88903262E+00  0.41362127E+02  0.64728876E+02
  0.70000000E-01  0.63682302E+01  0.54284895E+02  0.10235286E+03
  0.73333333E-01  0.31482129E+02  0.17803870E+02  0.94336391E+02
  0.76666667E-01  0.40492644E+02  0.45473261E+02  0.64286029E+02
  0.80000000E-01  0.85729983E+01 -0.20408539E+02  0.13296754E+03
  0.83333333E-01  0.98339827E+01 -0.12105628E+02  0.99882658E+02
  0.86666667E-01  0.79033379E+01  0.24870384E+02  0.89359308E+02
  0.90000000E-01 -0.18185041E+01  0.68928468E+02  0.11571632E+03
  0.93333333E-01 -0.81448504E+01  0.10180685E+02  0.98219115E+02
  0.96666667E-01  0.57020529E+00 -0.31115889E+02  0.89232073E+02
  0.10000000E+00 -0.21021180E+01 -0.87000716E+01  0.10335361E+03
  0.10333333E+00 -0.31170943E+01 -0.10759754E+02  0.94537426E+02
  0.10666667E+00 -0.78779671E+01 -0.12601813E+03  0.31775742E+02
  0.11000000E+00 -0.18213823E+02 -0.14465998E+03  0.50474559E+02
  0.11333333E+00 -0.17423060E+02 -0.93825726E+02  0.58012176E+02
  0.11666667E+00 -0.52906724E+01 -0.83922973E+02  0.53556955E+02
  0.12000000E+00 -0.24862364E+02 -0.12120477E+03  0.70311882E+02
  0.12333333E+00 -0.40663289E+02 -0.12183958E+03  0.11909464E+03
  0.12666667E+00 -0.41869026E+02 -0.14936253E+03  0.26942207E+03
  0.13000000E+00 -0.45060334E+02 -0.12703655E+03  0.15087167E+03
  0.13333333E+00 -0.48943765E+02 -0.22660489E+03 -0.58169055E+02
  0.13666667E+00 -0.74981614E+02 -0.17283446E+02  0.10687387E+02
  0.14000000E+00 -0.46928556E+02 -0.33834115E+02 -0.45955404E+02
  0.14333333E+00 -0.22619711E+02  0.10342338E+02 -0.83058446E+02
  0.14666667E+00 -0.35007190E+02 -0.13535187E+02 -0.32551427E+02
  0.15000000E+00 -0.49664543E+02 -0.31413434E+02 -0.67837506E+02
  0.15333333E+00 -0.66881205E+02 -0.86260385E+02 -0.22690726E+03
  0.15666667E+00 -0.67306431E+02  0.22949320E+02 -0.82675483E+02
  0.16000000E+00 -0.46154114E+02  0.18826737E+02 -0.58634216E+01
  0.16333333E+00 -0.39230845E+02  0.68925003E+02 -0.98165889E+02
  0.16666667E+00 -0.39003786E+02  0.31734147E+02  0.10078379E+02
  0.17000000E+00 -0.28215927E+02 -0.16830942E+02  0.99003292E+01
  0.17333333E+00 -0.22157012E+02  0.31505971E+02 -0.24442702E+01
  0.17666667E+00 -0.28384436E+02  0.19972819E+02  0.37201068E+02
  0.18000000E+00 -0.22592894E+02 -0.53104294E+01  0.65890375E+02
  0.18333333E+00 -0.71336732E+01 -0.27002309E+02  0.78067989E+02
  0.18666667E+00  0.42212559E+01 -0.38446261E+01  0.57724743E+02
  0.19000000E+00 -0.13107784E+02 -0.65036953E+02  0.37013884E+02
  0.19333333E+00 -0.13703788E+02  0.14634984E+02  0.12299370E+02
  0.19666667E+00 -0.45059149E+00 -0.24756431E+02 -0.32079230E+02
  0.20000000E+00  0.31627097E+01 -0.38085690E+02  0.14562935E+02
  0.20333333E+00  0.31280673E+01 -0.15508160E+02  0.84510372E+02
  0.20666667E+00 -0.30901750E+01 -0.54695581E+01  0.12179315E+03
  0.21000000E+00  0.56336807E+01  0.16903114E+02  0.44028942E+02
  0.21333333E+00  0.18629043E+02 -0.16562950E+02  0.83419835E+02
  0.21666667E+00  0.19024535E+02 -0.30295809E+02  0.55505751E+02
  0.22000000E+00  0.31064611E+01  0.10731026E+02  0.78593038E+02
  0.22333333E+00 -0.22551945E+01  0.12367032E+02  0.12035768E+02
  0.22666667E+00 -0.55650802E+01  0.48831681E+01 -0.16419501E+02
  0.23000000E+00 -0.10906970E+02  0.73923007E+02  0.91600652E+02
  0.23333333E+00 -0.75873904E+01 -0.58747083E+01  0.17347568E+02
  0.23666667E+00 -0.18678531E+02  0.31821627E+02 -0.18058882E+02
  0.24000000E+00 -0.13056541E+02  0.13021837E+02  0.35863099E+01
  0.24333333E+00 -0.46064815E+02  0.43072408E+02  0.33913335E+02
  0.24666667E+00 -0.11475766E+03  0.13467897E+02  0.35691279E+02
  0.25000000E+00 -0.13423006E+03 -0.14633622E+02 -0.21604148E+02
  0.25333333E+00 -0.23842793E+02  0.51219783E+02 -0.81658746E+02
  0.25666667E+00 -0.39491128E+02  0.12139139E+02 -0.62020794E+02
  0.26000000E+00 -0.37847193E+02  0.16191189E+02 -0.10182425E+02
  0.26333333E+00  0.36161278E+01  0.55401243E+02  0.47200343E+02
  0.26666667E+00 -0.29042600E+02  0.53946163E+01  0.21322413E+02
  0.27000000E+00 -0.68647794E+02 -0.19206170E+02 -0.47256673E+02
  0.27333333E+00 -0.66247193E+02 -0.55097957E+01 -0.63032829E+02
  0.27666667E+00 -0.33357768E+02  0.89129739E+01 -0.30017180E+02
  0.28000000E+00 -0.17835308E+02  0.74278388E+02  0.16106987E+02
  0.28333333E+00 -0.91349187E+01  0.54887975E+02 -0.20460556E+01
  0.28666667E+00 -0.19532501E+02  0.10571096E+02 -0.63798005E+00
  0.29000000E+00 -0.36053846E+02  0.50567924E+02  0.51020438E+02
  0.29333333E+00 -0.17468188E+02  0.11553311E+03  0.61986349E+02
  0.29666667E+00 -0.54145601E+01  0.71999349E+02  0.63189258E+01
  0.30000000E+00  0.36510081E+02  0.10513711E+03 -0.41520720E+02
  0.30333333E+00  0.32992282E+02  0.10075308E+03  0.10637344E+01
  0.30666667E+00 -0.18775796E+02  0.68152934E+02 -0.49462871E+02
  0.31000000E+00  0.29952908E+02  0.71005451E+02 -0.47100077E+02
  0.31333333E+00  0.35482403E+02  0.36432628E+02 -0.37575622E+02
  0.31666667E+00  0.43161126E+02  0.54717238E+02 -0.14466094E+02
  0.32000000E+00  0.21958137E+03  0.15382722E+03 -0.33621870E+02
  0.32333333E+00  0.35082589E+01  0.98073255E+02  0.10457563E+02
  0.32666667E+00 -0.75672980E+02  0.45429596E+02  0.32016193E+02
  0.33000000E+00 -0.69389612E+02  0.16714204E+02  0.19691163E+02
  0.33333333E+00  0.25405546E+02  0.30068005E+02  0.27532444E+02
  0.33666667E+00  0.62567214E+01  0.51627379E+02  0.76839058E+01
  0.34000000E+00 -0.60200918E+02  0.15034500E+02 -0.48198591E+02
  0.34333333E+00 -0.39498874E+02  0.21276334E+02 -0.59696074E+02
  0.34666667E+00 -0.11552565E+02  0.22745685E+02 -0.24270543E+02
  0.35000000E+00 -0.61530512E+01  0.33256117E+02  0.40229472E+01
  0.35333333E+00 -0.10128974E+02  0.73848396E+02  0.24614668E+02
  0.35666667E+00 -0.28154172E+02  0.25411968E+02  0.71654496E+02
  0.36000000E+00 -0.12366385E+02  0.34969670E+02  0.65531486E+02
  0.36333333E+00 -0.18234580E+02  0.14862354E+02  0.13425012E+02
  0.36666667E+00 -0.18957596E+02  0.32090635E+01 -0.21587384E+02
  0.37000000E+00 -0.11722459E+02  0.13761926E+02  0.16256519E+00
  0.37333333E+00 -0.11812426E+02  0.10595550E+02  0.65515802E+02
  0.37666667E+00 -0.27078321E+02  0.27225343E+02  0.62948710E+02
  0.38000000E+00 -0.31176442E+02  0.73381864E+02  0.93506593E+01
  0.38333333E+00 -0.42884494E+02  0.43902071E+01 -0.37246870E+00
  0.38666667E+00 -0.34994077E+02  0.19569459E+01  0.31239415E+02
  0.39000000E+00 -0.29848189E+02 -0.11712880E+02  0.59634399E+02
  0.39333333E+00 -0.26314320E+02 -0.31346216E+02  0.63576444E+02
  0.39666667E+00 -0.39350331E+02 -0.32387262E+02  0.36244623E+02
  0.40000000E+00 -0.39255559E+02 -0.29386673E+01  0.39507006E+02
  0.40333333E+00 -0.24345940E+02  0.19756155E+02  0.17896233E+02
  0.40666667E+00 -0.31403110E+02  0.95288620E+01  0.20732219E+01
  0.41000000E+00 -0.21949035E+02  0.52510120E+01  0.24880326E+02
  0.41333333E+00 -0.17538999E+02  0.91616446E+01  0.14260674E+03
  0.41666667E+00 -0.13708640E+02  0.18966872E+02  0.39598789E+02
  0.42000000E+00 -0.26402630E+02  0.70740905E+01 -0.40834770E+01
  0.42333333E+00 -0.35449232E+01 -0.61270203E+02 -0.64813554E+02
  0.42666667E+00 -0.17879211E+02 -0.31073400E+01  0.25868521E+01
  0.43000000E+00 -0.10181896E+03 -0.18427414E+02  0.25003064E+02
  0.43333333E+00 -0.11607967E+03 -0.52865616E+01  0.19540507E+01
  0.43666667E+00 -0.43544985E+02  0.28797134E+02  0.84735711E+01
  0.44000000E+00 -0.33370317E+02 -0.31084677E+00 -0.46398998E+02
  0.44333333E+00 -0.33091576E+02 -0.11809828E+02 -0.14443281E+02
  0.44666667E+00 -0.14078856E+02  0.11953850E+02 -0.17908531E+02
  0.45000000E+00 -0.12828883E+02  0.28522393E+02 -0.17030390E+02
  0.45333333E+00 -0.32584290E+02  0.60960316E+02  0.22524878E+02
  0.45666667E+00 -0.29663691E+01  0.17539965E+02 -0.10079404E+00
  0.46000000E+00 -0.11103908E+02 -0.15009449E+02 -0.25475257E+02
  0.46333333E+00  0.33806562E+01 -0.55540892E+01  0.93401519E+00
  0.46666667E+00  0.26929586E+01 -0.46042171E+02  0.24294148E+02
  0.47000000E+00  0.20426943E+02 -0.10807743E+02 -0.27726817E+02
  0.47333333E+00  0.11567465E+02 -0.23645894E+02 -0.30026814E+02
  0.47666667E+00  0.44688350E+01 -0.84280013E+01 -0.54553769E+01
  0.48000000E+00 -0.93523217E+01  0.21429692E+01 -0.15300109E+02
  0.48333333E+00 -0.10705611E+02  0.13549422E+02  0.22258098E+01
  0.48666667E+00  0.16864544E+02  0.30188745E+02  0.21572577E+02
  0.49000000E+00  0.10295818E+01  0.48871971E+02  0.12829365E+02
  0.49333333E+00  0.40120772E+02  0.33152272E+02 -0.40775884E+02
  0.49666667E+00  0.22447703E+02  0.33462601E+02 -0.44815386E+02
  0.50000000E+00 -0.70702116E+01  0.35789842E+02 -0.37243398E+02
  0.50333333E+00  0.48580842E+00  0.18247038E+02 -0.16066183E+02
  0.50666667E+00  0.86894031E+01  0.13709811E+02  0.29116148E+02
  0.51000000E+00  0.18185896E+01  0.77810751E+01  0.56126368E+01
  0.51333333E+00 -0.17123706E+01  0.19744202E+02 -0.39251002E+02
  0.51666667E+00  0.10537244E+01  0.11462316E+02 -0.59564706E+02
  0.52000000E+00 -0.97251877E+00 -0.34816146E+01 -0.26608500E+02
  0.52333333E+00  0.54750863E+01  0.21887386E+02 -0.24963757E+02
  0.52666667E+00  0.64527340E+01  0.22549607E+02 -0.45959842E+02
  0.53000000E+00  0.10633347E+02  0.81903641E+01 -0.29909515E+02
  0.53333333E+00  0.10347403E+02  0.84478713E+01 -0.13246375E+02
  0.53666667E+00  0.13529470E+02  0.20769015E+02 -0.53972490E+01
  0.54000000E+00  0.16206357E+02  0.41354561E+02  0.54491073E+01
  0.54333333E+00  0.18061846E+02  0.37000757E+02 -0.61854948E+01
  0.54666667E+00  0.14050900E+02  0.44396732E+02 -0.14872893E+01
  0.55000000E+00  0.93527637E+01  0.43392985E+02 -0.17072971E+02
  0.55333333E+00 -0.13080894E+02  0.46092529E+02 -0.52611667E+02
  0.55666667E+00  0.35362297E+01  0.72857414E+02 -0.40148027E+02
  0.56000000E+00  0.51985860E+01  0.42117260E+02 -0.23523061E+02
  0.56333333E+00  0.63767340E+02  0.56327207E+02 -0.35977589E+02
  0.56666667E+00  0.28957407E+02  0.60705535E+01 -0.18195061E+02
  0.57000000E+00  0.22445642E+01  0.14415859E+02  0.11079666E+02
  0.57333333E+00  0.13330584E+02  0.78111469E+01 -0.53734988E+01
  0.57666667E+00  0.84091323E+01  0.16392073E+02 -0.21826902E+02
  0.58000000E+00 -0.18512266E+02  0.60362156E-01 -0.33007670E+02
  0.58333333E+00 -0.25901874E+02 -0.96572898E+01 -0.42072240E+02
  0.58666667E+00 -0.60928425E+02  0.42099303E+02 -0.58547532E+02
  0.59000000E+00  0.32044249E+01  0.41269065E+02 -0.35509236E+02
  0.59333333E+00  0.17978142E+03  0.75601944E+02 -0.61817215E+02
  0.59666667E+00  0.22027919E+02  0.13175643E+02 -0.15930429E+03
  0.60000000E+00  0.60703297E+01 -0.32871300E+02 -0.63422965E+02
  0.60333333E+00  0.64448691E+02 -0.49285649E+02 -0.27325377E+02
  0.60666667E+00  0.53776680E+02  0.94148557E+00 -0.50853675E+02
  0.61000000E+00 -0.14378865E+01 -0.17263101E+02 -0.35521917E+02
  0.61333333E+00  0.16190523E+02 -0.25284716E+02 -0.36418316E+02
  0.61666667E+00  0.46260219E+02 -0.51055546E+02 -0.12531831E+02
  0.62000000E+00  0.14055615E+02 -0.12498213E+02 -0.15226494E+01
  0.62333333E+00  0.23305214E+01  0.20030776E+02  0.19739298E+02
  0.62666667E+00  0.11197988E+02  0.75803086E+01 -0.13154908E+02
  0.63000000E+00  0.60824921E+02  0.60675057E+02 -0.83078694E+01
  0.63333333E+00  0.13693122E+02  0.33421062E+02 -0.59429208E+01
  0.63666667E+00 -0.11735571E+02  0.31204335E+02 -0.16071403E+02
  0.64000000E+00 -0.91724466E+01  0.17346419E+02 -0.89895363E+01
  0.64333333E+00 -0.69702677E+01  0.58222149E+02 -0.51924386E+02
  0.64666667E+00 -0.77851784E+02  0.25455668E+03 -0.18383140E+03
  0.65000000E+00 -0.45495084E+01  0.58733715E+02 -0.47775442E+02
  0.65333333E+00  0.12155432E+02 -0.60966116E+01 -0.10922647E+02
  0.65666667E+00 -0.45931669E+01 -0.48159772E+01  0.70673795E+00
  0.66000000E+00 -0.54356900E+01  0.59469041E+01  0.40324548E+01
  0.66333333E+00 -0.40310213E+01 -0.51921826E+02 -0.16892893E+02
  0.66666667E+00 -0.74632166E+01 -0.12893194E+03 -0.30874529E+02
  0.67000000E+00  0.88196518E+01 -0.10401849E+03 -0.16861886E+02
  0.67333333E+00  0.67530960E+01 -0.34748321E+02 -0.42311623E+02
  0.67666667E+00 -0.74776345E+01 -0.20224380E+02 -0.51089271E+02
  0.68000000E+00 -0.15092390E+02 -0.98781712E+01 -0.36157291E+02
  0.68333333E+00 -0.15542665E+02  0.20172345E+02 -0.51367085E+02
  0.68666667E+00 -0.11410281E+02  0.13186730E+03 -0.91670167E+02
  0.69000000E+00  0.16494898E+02  0.82881640E+02 -0.52097526E+02
  0.69333333E+00 -0.40331211E+01  0.14861409E+02 -0.12771829E+02
  0.69666667E+00 -0.72109733E+00  0.17038082E+02 -0.99271179E+00
  0.70000000E+00  0.42159711E+01  0.20666412E+02  0.20506115E+02
  0.70333333E+00  0.69284043E+01  0.12176435E+02  0.28046381E+01
  0.70666667E+00  0.61582565E+01  0.63333787E+01 -0.86260914E+01
  0.71000000E+00 -0.17950298E+01  0.68228244E+01 -0.10092042E+02
  0.71333333E+00 -0.33065621E+01  0.35961301E+01 -0.91721487E+01
  0.71666667E+00  0.83101867E+01  0.10170473E+02  0.42964327E+01
  0.72000000E+00  0.55004112E+02 -0.24165886E+02  0.36436172E+02
  0.72333333E+00  0.17339720E+02  0.84935628E+01  0.23830366E+02
  0.72666667E+00 -0.10610255E+02  0.21249884E+02  0.18461117E+02
  0.73000000E+00 -0.78723614E+02  0.38892033E+02  0.14600020E+02
  0.73333333E+00 -0.95208140E+01  0.20292494E+02  0.21786317E+02
  0.73666667E+00  0.50089341E+01  0.30816484E+02 -0.15446941E+01
  0.74000000E+00  0.10058267E+02  0.10308437E+02  0.12221390E+00
  0.74333333E+00  0.12288237E+02  0.10277971E+02  0.95043507E+00
  0.74666667E+00  0.15023563E+02  0.68840539E+01 -0.15965495E+01
  0.75000000E+00  0.37810729E+02  0.56037862E+02 -0.24179137E+02
  0.75333333E+00  0.13414148E+02  0.17030230E+02  0.14267139E+02
  0.75666667E+00  0.16628455E+02  0.14982625E+02  0.52789200E+01
  0.76000000E+00  0.13511487E+02  0.13204666E+02 -0.16943721E+01
  0.76333333E+00  0.40512576E+01 -0.11484077E+02  0.12780073E+02
  0.76666667E+00  0.38833334E+01 -0.16118523E+02  0.12286251E+02
  0.77000000E+00  0.81292809E+01 -0.53211303E+01  0.11660552E+02
  0.77333333E+00  0.17021793E+02  0.47234128E+01  0.53394479E+01
  0.77666667E+00  0.64604906E+02  0.11944855E+02 -0.11494751E+02
  0.78000000E+00  0.98482350E+02  0.14042456E+02 -0.10580954E+02
  0.78333333E+00  0.97524725E+01 -0.12293494E+02  0.62068530E+01
  0.78666667E+00  0.12667269E+01  0.36725109E+00 -0.30677144E+01
  0.79000000E+00 -0.83674535E+01  0.15710875E+02 -0.72190752E+01
  0.79333333E+00 -0.19147300E+01 -0.11129143E+02 -0.19824769E+02
  0.79666667E+00 -0.23161605E+01 -0.28029217E+02 -0.23584737E+02
  0.80000000E+00 -0.19565322E+01 -0.19845452E+02 -0.17881646E+02
  0.80333333E+00 -0.17157292E+02 -0.27819994E+02 -0.73281404E+01
  0.80666667E+00 -0.21190458E+02 -0.12002685E+02 -0.10689846E+02
  0.81000000E+00 -0.27844679E+02  0.67384362E+01 -0.77228702E+01
  0.81333333E+00 -0.13367718E+02 -0.41613313E+01  0.60606994E+01
  0.81666667E+00 -0.10020899E+02 -0.75211265E+01  0.36348432E+01
  0.82000000E+00 -0.47064446E+01 -0.87082112E+01  0.57904614E+02
  0.82333333E+00 -0.11144454E+02  0.27901848E+01  0.75259897E+02
  0.82666667E+00  0.48186260E+01 -0.57250876E+02  0.85613001E+02
  0.83000000E+00  0.10589473E+02 -0.88835320E+02  0.14197595E+03
  0.83333333E+00 -0.84318029E+01 -0.18708248E+02 -0.25892855E+02
  0.83666667E+00  0.37746170E+01  0.51400297E+01 -0.98049676E+02
  0.84000000E+00 -0.19367985E+01 -0.38879390E+02 -0.92319510E+02
  0.84333333E+00 -0.14446681E+02 -0.24043758E+02 -0.77398643E+02
  0.84666667E+00 -0.16894620E+02 -0.40635378E+02 -0.85560061E+02
  0.85000000E+00 -0.15182044E+02 -0.11309348E+02 -0.10481048E+03
  0.85333333E+00  0.68752142E+01  0.87795365E+02 -0.17389919E+03
  0.85666667E+00  0.38737281E+02 -0.13509704E+02 -0.88548726E+02
  0.86000000E+00  0.30253451E+01 -0.34335751E+02 -0.81593747E+02
  0.86333333E+00 -0.67947140E+01 -0.25272066E+02 -0.86609028E+02
  0.86666667E+00 -0.19516101E+01 -0.69549188E+02 -0.34070611E+02
  0.87000000E+00  0.15647099E+02 -0.49885076E+02 -0.12683573E+02
  0.87333333E+00  0.20158156E+02  0.42713366E+02 -0.28899477E+02
  0.87666667E+00  0.49790197E+00  0.89485204E+01 -0.13855575E+02
  0.88000000E+00  0.11311686E+01  0.18265846E+02 -0.29021286E+02
  0.88333333E+00  0.11215761E+01  0.19385478E+02 -0.10912147E+02
  0.88666667E+00 -0.43967743E+00  0.75074788E+01 -0.35251175E+02
  0.89000000E+00 -0.96231511E+01  0.17424204E+02 -0.30055045E+02
  0.89333333E+00 -0.12270242E+02 -0.26806886E+02 -0.15645148E+03
  0.89666667E+00 -0.14106170E+02  0.51806537E+02 -0.18414968E+03
  0.90000000E+00 -0.13814730E+02  0.28485643E+02 -0.73126962E+02
  0.90333333E+00 -0.29800012E+01 -0.57216063E+01 -0.23407924E+02
  0.90666667E+00 -0.49573837E+01  0.52205971E+01  0.19783737E+02
  0.91000000E+00 -0.11982468E+01  0.42407409E+01  0.52598907E+02
  0.91333333E+00  0.20881808E+01 -0.16522790E+02  0.16152236E+02
  0.91666667E+00  0.61566204E+01 -0.22259281E+02  0.35485198E+02
  0.92000000E+00  0.18780355E+02  0.74305905E+01  0.33297477E+02
  0.92333333E+00 -0.46758968E+01  0.23228811E+02  0.48016266E-01
  0.92666667E+00  0.60528989E+01  0.24026623E+02  0.17556822E+02
  0.93000000E+00 -0.14231479E+02 -0.86636290E+01  0.95990877E+01
  0.93333333E+00 -0.25995692E+01  0.79285945E+01  0.74441091E+01
  0.93666667E+00  0.58012133E+01  0.32407533E+02  0.10317957E+02
  0.94000000E+00 -0.39385570E+01  0.17185222E+02  0.11276477E+02
  0.94333333E+00 -0.58420795E+00  0.15652182E+02  0.97701095E+01
  0.94666667E+00 -0.74786094E+01 -0.98203406E+01  0.11403027E+02
  0.95000000E+00  0.47424299E+01  0.86565277E+01  0.13754939E+02
  0.95333333E+00 -0.19246734E+01  0.44262891E+01  0.16066315E+02
  0.95666667E+00 -0.14493053E+02  0.11542585E+02 -0.15430527E+02
  0.96000000E+00 -0.46882370E+01  0.22028254E+02 -0.43778974E+02
  0.96333333E+00 -0.53647760E+01  0.21592173E+02 -0.39139350E+02
  0.96666667E+00 -0.68467811E+01  0.29277002E+02 -0.20613151E+02
  0.97000000E+00 -0.98198021E+01  0.20053710E+02 -0.61070787E+00
  0.97333333E+00 -0.11548119E+02  0.36486239E+01  0.79184055E+01
  0.97666667E+00 -0.16269639E+02  0.25923854E+01  0.13688932E+01
  0.98000000E+00 -0.81206708E+01 -0.33323012E+01  0.66511932E+01
  0.98333333E+00 -0.87916577E+00  0.49593213E+00  0.12338719E+02
  0.98666667E+00 -0.19620230E+01 -0.88686761E+00  0.12763748E+02
  0.99000000E+00 -0.35812664E+01 -0.46547585E+01 -0.12236279E+01
  0.99333333E+00 -0.44942248E+01 -0.96020612E+01 -0.78592771E+01
  0.99666667E+00 -0.29672126E+01 -0.30479400E+01 -0.44913450E+01
  0.10000000E+01 -0.17655307E+01 -0.10985940E+02  0.76254988E+01
